0000000000000000000000000000000000000000000000000000000000000000 00000000000000000000000004010000
0000000000000000000000000000000000000000000000000000000000000000 00000000000000000000000001040000
0000000000000000000000000000000000000000000000000000000000000000 00000000000000000000000040100000
0000000000000000000000000000000000000000000000000000000000000000 00000000000000000000000010400000
0000000000000000000000000000000000000000000000000000000000000000 00000000000000000000000004010000
0000000000000000000000000000000000000000000000000000000000000000 00000000000000000000000001040000
0000000000000000000000000000000000000000000000000000000000000000 00000000000000000000000040100000
0000000000000000000000000000000000000000000000000000000000000000 00000000000000000000000010400000
0000000000000000000000000000000000000000000000000000000000000000 00000000000000000000000004010000
0000000000000000000000000000000000000000000000000000000000000000 00000000000000000000000001040000
0000000000000000000000000000000000000000000000000000000000000000 00000000000000000000000040100000
0000000000000000000000000000000000000000000000000000000000000000 00000000000000000000000010400000
0000000000000000000000000000000000000000000000000000000000000000 00000000000000000000000004010000
0000000000000000000000000000000000000000000000000000000000000000 00000000000000000000000001040000
0000000000000000000000000000000000000000000000000000000000000000 00000000000000000000000040100000
0000000000000000000000000000000000000000000000000000000000000000 00000000000000000000000010400000
0000000000000000000000000000000000000000000000000000000000000000 00000000000000000000000004010000
0000000000000000000000000000000000000000000000000000000000000000 00000000000000000000000001040000
0000000000000000000000000000000000000000000000000000000000000000 00000000000000000000000040100000
0000000000000000000000000000000000000000000000000000000000000000 00000000000000000000000010400000
